New act
x axis
0 357.76
Período: 29
y axis
0 68.6359
1.60061 15.5649
Período: 63
z axis
0 12.8732
0.304878 3.93423
0.762195 18.2123
1.60061 5.46978
4.42073 4.70744
6.25 3.86178
6.70732 6.61838
6.85976 6.93763
7.16463 4.09299
7.39329 3.7286
8.07927 4.22073
8.30793 4.44172
8.46037 4.04211
9.07012 4.50633
9.45122 6.86321
10.9756 5.72013
Período: 57
New act
x axis
0 336.945
Período: 24
y axis
0 83.5977
1.84295 20.711
Período: 54
z axis
0 12.5484
0.320513 5.05647
0.641026 7.2934
0.88141 15.1628
1.20192 3.16707
1.52244 4.65509
1.84295 3.91308
3.6859 3.1484
3.84615 3.88598
4.32692 4.64779
4.64744 3.36371
4.96795 3.29596
5.20833 8.26512
5.6891 4.66022
5.84936 3.84115
6.08974 5.87481
6.49038 5.75867
6.65064 3.91731
6.8109 4.97281
7.05128 3.84499
7.21154 5.69274
7.69231 3.12119
8.01282 7.92546
8.65385 3.54475
8.97436 6.78241
9.61538 5.08732
9.85577 3.99017
10.3365 3.32782
10.8173 4.00489
11.4583 3.82021
13.9423 3.42874
Período: 53
New act
x axis
0 335.918
Período: 25
y axis
0 80.4837
Período: 25
z axis
0 11.3449
0.240385 5.4118
0.88141 15.765
1.04167 4.86946
1.20192 5.07475
1.52244 4.95896
1.92308 5.10847
3.6859 4.37778
3.84615 3.47889
4.16667 4.09146
4.64744 3.16132
5.28846 4.31878
5.76923 3.55908
6.41026 6.04609
6.89103 3.91501
7.21154 4.35666
7.45192 3.30864
7.77244 4.65807
7.93269 3.58097
8.17308 4.00061
8.41346 3.93994
8.65385 5.70253
9.13462 4.24678
9.61538 3.21256
10.016 4.14353
11.2981 3.4894
Período: 3
